unknown_coords
3   .883  2645.234  630162 5651657  -1 -1
4   1.442 2042.114  630641 5656041  -1 -1
5   1.673 2081.355  630176 5661800  -1 -1
6   1.231 2439.832  628799 5653667  -1 -1
known_coords
1   1.441 2321.123  625774.134 5654459.397 -1 -1
2   1.733 2435.774  624676.199 5661431.497 -1 -1
distance
1   3   5221.275
1   4   5126.307
1   5   8566.372
1   6   3128.920
2   3   11219.111
2   4   8054.121
2   5   5525.338
2   6   8794.685
3   4   4452.887
3   6   2442.202
4   5   5782.213
4   6   3031.119
5   6   8259.969
invalid_legs
3   5   -1
establish_scale
1	51 1 40.4789	106 47 36.8439
2	51 5 26.9366	106 46 49.1573
3	51 0 6.2881	  106 51 18.3587
4	51 2 27.7449	106 51 48.6074
5	51 5 34.4607	106 51 32.2046
6	51 1 12.4285	106 50 11.0331
model_scale
1 3	51 0 53.2688	106 49 27.6242
1 4	51 2 4.0019	106 49 42.6986
1 5	51 3 37.3584	106 49 34.4315
2 3	51 2 46.5041	106 49 3.8761
2 4	51 3 57.2378	106 49 18.9531
2 5	51 5 30.5935	106 49 10.6687
2 6	51 3 19.5653	106 48 30.1615
3 4	51 1 16.8882	106 51 33.4664
4 5	51 4 .974	106 51 40.4
5 6	51 3 23.3183	106 50 51.5759