unknown_coords
3   630133.3333   5651666.667
4   630600        5656066.667
5   630133.3333   5661833.333
6   628800        5653700
known_coords
1   625774.134    5654459.397
2   624676.199    5661431.497
distance
1   3   -1
1   4   -1
1   5   -1
1   6   -1
2   3   -1
2   4   -1
2   5   -1
2   6   -1
invalid_legs
3   5   -1
establish_scale
3	51 0 6.2881	  106 51 18.3587
4	51 2 27.7449	106 51 48.6074
5	51 5 34.4607	106 51 32.2046
6	51 1 12.4285	106 50 11.0331
1	51 1 40.4789	106 47 36.8439
2	51 5 26.9366	106 46 49.1573